
0.1,360
232,0.023687637074356737,0.010710157920730354,0.015351113977697518,0.007159754089978448,

0.1,360
239,0.02262240274376762,0.008055459148456488,0.01597560514553711,0.006394820187634535,

0.1,360
234,0.019951691798782215,0.007271798374704567,0.01447234634294087,0.005967259288949386,

0.1,360
235,0.023970342855008833,0.012134975881809493,0.016250313579679487,0.008725329321121442,

0.1,360
234,0.01963204996755872,0.0071633655701047955,0.014412927291551048,0.006098662320137615,

0.1,360
234,0.023736893456592422,0.011828364849258515,0.015515760756913636,0.0079973928145328,

0.1,360
236,0.02286714523827452,0.008384221177994425,0.015936245584378998,0.0064996687488017135,

0.1,360
232,0.02011842904301312,0.007135039930389177,0.014534165786683624,0.005826674999974914,

0.1,360
231,0.020031255999483265,0.0069117634774836754,0.014219257057829886,0.0056733619176214676,

0.1,360
229,0.020943256173848162,0.006489352593202273,0.015104599031172367,0.005325958291396543,

0.1,360
232,0.019232597646648707,0.007161119990489298,0.014065226119469273,0.005932700932784056,

0.1,720
234,0.020911357746634666,0.007816669766416892,0.015364558641942075,0.006437514343822539,

0.1,720
231,0.0239938760122881,0.011977854012583089,0.01757046548766588,0.009176683928773915,

0.1,720
236,0.023287480794706272,0.007578147249626514,0.01717929348104902,0.006730961554623951,

0.1,720
238,0.024316888694854908,0.009572797067840734,0.017659532241797185,0.007738969637332011,

0.1,720
232,0.022294435546239676,0.007712937090471931,0.01694638337307722,0.006689210584983404,

0.1,720
236,0.020854132884316208,0.00789290081374246,0.015370786261066036,0.006428931836994714,

0.1,720
234,0.021191091597593654,0.009037373305769661,0.015678127413181763,0.007298705034411249,

0.1,720
235,0.02416134818575959,0.00942307817722416,0.01772419112694866,0.007636151305130497,

0.1,720
231,0.02128967196071819,0.008685873437071757,0.015986253050845358,0.007193793597273262,

0.1,720
233,0.02051603634613906,0.007467085348337141,0.015312926766818365,0.006299272194087943,

0.1,1080
232,0.023570040998586998,0.00894217633618968,0.017633568962678668,0.007459750444906008,

0.1,1080
234,0.025380542691355236,0.015230337070032319,0.018691699038474605,0.011845545759985173,

0.1,1080
235,0.025374024234058216,0.014887738407170097,0.018689476992399926,0.011589123498373152,

0.1,1080
232,0.02204470391533787,0.009036560014489329,0.016930178200709634,0.007777159226932487,

0.1,1080
232,0.026335722731691304,0.0151599489939826,0.019219158102902745,0.011469201157122116,

0.1,1080
232,0.026665461427785038,0.015567115824319199,0.019277268405481853,0.011734961973479025,

0.1,1080
378,0.020988063252328958,0.00954116651837029,0.016135102483781458,0.008172767071605429,

0.1,1080
423,0.021873495117408923,0.009597204950904617,0.016630912801233202,0.007933060590127562,

0.1,1080
230,0.023681892056787467,0.008981745420827783,0.017689318988350747,0.007546264657773344,

0.1,1080
233,0.023583279129681316,0.013488182416028838,0.015173513513725938,0.008195967580972732,

0.1,1440
233,0.026577105617766217,0.016442065504330684,0.020143924076649732,0.012843417196574275,

0.1,1440
231,0.021741719803071352,0.009334266358237205,0.016706316573625972,0.008026603561269616,

0.1,1440
234,0.02699253356141938,0.01549073190453573,0.020337509651544988,0.011928625836875125,

0.1,1440
235,0.02723179093136036,0.015851249764319293,0.020151055294108836,0.012734537511995282,

0.1,1440
235,0.020830818477700998,0.009000488785454104,0.01622483125798642,0.007655339818718079,

0.1,1440
233,0.02310085005142882,0.00919217073407997,0.017920545299333627,0.007940901587714606,

0.1,1440
324,0.024790406981296264,0.014505801794378213,0.019284965859921534,0.01116924930309153,

0.1,1440
499,0.021906800694550893,0.009024516336671439,0.01678827198437846,0.007482751584639542,

0.1,1440
499,0.022826505138096448,0.010663956554283762,0.01731497987979773,0.00829911818053832,

0.1,1440
499,0.021952546599651415,0.009404841612122445,0.01661377175704563,0.007600122837074017,

0.1,1800
232,0.02457020965611546,0.00930650256946194,0.019596143696429046,0.008284235654110088,

0.1,1800
229,0.022892291648984445,0.011398656355206928,0.01668148468488494,0.008533352737658753,

0.1,1800
229,0.02416207071995631,0.009457557774751131,0.018959333134945237,0.008175152784341052,

0.1,1800
234,0.025767596288779192,0.013125624408761251,0.021373017941816494,0.012061126019759384,

0.1,1800
232,0.025084418580859323,0.009881064155069919,0.019329588511027396,0.00850164726714581,

0.1,1800
280,0.027005275523489608,0.015414471340024036,0.0237331921488346,0.014656991860450837,

0.1,1800
232,0.02153795137038005,0.009189159927147346,0.016716011081308383,0.00781351781024145,

0.1,1800
233,0.02191372259515997,0.009688237360725232,0.017151534085185965,0.008409946156078613,

0.1,1800
232,0.021163776571609498,0.009354763852598542,0.01644399384656873,0.007883305825813848,

0.1,1800
232,0.02341946574471939,0.010260242225763293,0.018268577196506847,0.009076412550704906,

0.05,360
360,0.030657688892743964,0.014232744793094845,0.013907235923559509,0.006832590567081135,

0.05,360
300,0.028498895671994737,0.010949320120246388,0.012657182508458693,0.005427438908079796,

0.05,360
301,0.026565437418241612,0.01103401659124037,0.012051216308089387,0.005629879960888711,

0.05,360
304,0.029719766146674948,0.010867405501525549,0.013300367691906439,0.00551070510717316,

0.05,360
300,0.029313943178858607,0.014568099511016164,0.011641585637892906,0.0057875245128165415,

0.05,360
305,0.0285751419786944,0.01122224595696489,0.012906605847653185,0.005682718570005046,

0.05,360
499,0.026665185741708803,0.011679354654195735,0.012169684904005999,0.0056934946382370686,

0.05,360
499,0.02681887680025424,0.010883133695968664,0.011897988741534327,0.005413718899889573,

0.05,360
301,0.03071678903896015,0.014083841073453823,0.01354971131312961,0.006779015777609493,

0.05,360
303,0.031993793724366025,0.016249961961882442,0.013519750980632655,0.007187529537355212,

0.05,720
302,0.028626356661298147,0.011529969951110906,0.013475533287636073,0.006032298514490714,

0.05,720
299,0.029995304983215138,0.010282644302977022,0.01410962067027405,0.0056518082384411725,

0.05,720
297,0.02726298709978547,0.01116108086050459,0.01312914897879015,0.006032624013936348,

0.05,720
356,0.027885642943555868,0.010913032627815017,0.013537507166424139,0.005887155449908166,

0.05,720
361,0.02957917571034272,0.009947016667225578,0.014351220353225303,0.005406718925983241,

0.05,720
499,0.027899295030038556,0.012674554856054853,0.012785190857297374,0.006200916347001681,

0.05,720
499,0.028196575247005137,0.01276165051000064,0.012824956824833188,0.0062133309039268635,

0.05,720
300,0.02798700042262984,0.011264130673987946,0.013286016727797688,0.005986381988105773,

0.05,720
306,0.03352925325196017,0.018327521019337115,0.015347480172066176,0.008664773151338116,

0.05,720
302,0.027367338187767452,0.010887294191943002,0.013373564232591022,0.005982685036501082,

0.05,1080
302,0.03187052238985452,0.016444669004241224,0.0140883861609198,0.006979519329884425,

0.05,1080
301,0.029373216265240108,0.011485963758094525,0.014358816408874014,0.006525678816180435,

0.05,1080
296,0.029888238934438198,0.013642165742046537,0.013825106048308363,0.006557764885177322,

0.05,1080
296,0.028216717892556097,0.010859860232028656,0.013892673394907065,0.006045843329239625,

0.05,1080
307,0.030540826804374713,0.01194829435522091,0.015437569984550367,0.006908480583047183,

0.05,1080
321,0.02744047100890741,0.011497512145797547,0.013550950071014279,0.006330539376026154,

0.05,1080
499,0.028765701819705836,0.012818481454217436,0.013646529050532706,0.006578017381810678,

0.05,1080
394,0.030625657616053154,0.01051255383454667,0.015252430498101252,0.006449043288108899,

0.05,1080
300,0.03152184039781181,0.015482780246631613,0.013873177083830039,0.00676516069734187,

0.05,1080
302,0.03295900429127158,0.016181393957196512,0.014289133301596866,0.00723695913015875,

0.05,1440
298,0.02957969833823271,0.01080031889729944,0.014804984137397134,0.0062552853125667895,

0.05,1440
298,0.029132300010810436,0.011454607887826242,0.01457007468096762,0.00615700053990965,

0.05,1440
298,0.028534906097506516,0.010851073594526741,0.014579326247221372,0.0064217796752730665,

0.05,1440
300,0.031209224371317155,0.010714652642970625,0.016127779356514414,0.006720989384979859,

0.05,1440
306,0.0323365615982124,0.0129844198911715,0.017317612803452863,0.008268823179685657,

0.05,1440
499,0.028120837160591446,0.01062199269371694,0.014976327482261928,0.006157211323063272,

0.05,1440
302,0.030530909406690433,0.010264284554529947,0.016089801144221833,0.006927233645536759,

0.05,1440
301,0.031924154802435926,0.011499515423223155,0.016627914078867812,0.007364696662113024,

0.05,1440
299,0.030548192731986275,0.010896392294302101,0.0157283140232718,0.006494608263579339,

0.05,1440
416,0.030153134514246352,0.011084059671907549,0.015699072797780482,0.006468368801545875,

0.05,1800
303,0.03276235730811437,0.01565438926947859,0.0159035212776805,0.007847837764817353,

0.05,1800
309,0.032672042084004864,0.0122108950721416,0.018327858755259524,0.008101852281945621,

0.05,1800
298,0.030041375885023768,0.011266871308052415,0.015770771473118,0.006861180408897516,

0.05,1800
303,0.03211847736412604,0.012368367783212892,0.01725449747745587,0.007573153475395859,

0.05,1800
300,0.03406457121095931,0.0146645910668477,0.020067825619674597,0.01250299020102388,

0.05,1800
499,0.03047458171160455,0.013567990479369645,0.016999149462441448,0.008729477714964382,

0.05,1800
499,0.030024920848481924,0.01246170945698723,0.015248144682140308,0.00733122937394676,

0.05,1800
499,0.029847242782183574,0.011007500542599066,0.015570185571593533,0.007009539206207021,

0.05,1800
499,0.031091649677158373,0.010927850817626532,0.01695253775372937,0.007560808709223623,

0.05,1800
298,0.02911742765654891,0.010288412526528233,0.015210108980755229,0.006158876946379064,

0.02,360
499,0.046878485530726835,0.01651374091747839,0.009403373797159113,0.004075450852944104,

0.02,360
499,0.042943666537687976,0.011584730043812195,0.008687206829304552,0.002756388202824153,

0.02,360
499,0.0433510429529615,0.012134901478752621,0.008698407219972962,0.0027445946229666296,

0.02,360
499,0.04423389786887981,0.012033083288883077,0.008713009959704547,0.0028309814849680408,

0.02,360
499,0.045591266807364694,0.014737166794460863,0.009128586137863269,0.0039029369590719105,

0.02,360
499,0.04325069395992308,0.011346803178332317,0.008667955295656825,0.0026273471656978616,

0.02,360
499,0.042217992931578255,0.011373638920201955,0.008611517000657867,0.0027644807760959862,

0.02,360
499,0.04386290424327947,0.011937724597426896,0.009071450142510878,0.0029243771321711847,

0.02,360
499,0.04545508245172311,0.014262581439566522,0.008657333349392848,0.0028951028663975645,

0.02,360
499,0.04595807046566032,0.015564716341300749,0.008971414260028718,0.003508707206488547,

0.02,720
499,0.04351540100513463,0.01109592954790453,0.00958068815213003,0.002887855383949907,

0.02,720
499,0.043426835057251006,0.011203641946001769,0.009721633023302442,0.0029638518139738037,

0.02,720
499,0.04327940359480216,0.01155143700938928,0.00973550068146413,0.003084191117644776,

0.02,720
499,0.046906039016116,0.014999864642829513,0.0103768437647285,0.003689156955610922,

0.02,720
499,0.048376993673950625,0.016594864015805903,0.010433490759271285,0.0040233665397827745,

0.02,720
499,0.044709466165164954,0.01218686710413952,0.010279202825606302,0.0034061695986754115,

0.02,720
499,0.04435118110309204,0.012986504226049543,0.009675816133317867,0.0030635140044752884,

0.02,720
499,0.043696056219715555,0.01084172945803184,0.009598887637948136,0.002861628592466425,

0.02,720
499,0.04394665434172672,0.011934639653306886,0.009928193575336797,0.0036360690556463808,

0.02,720
499,0.04769538809757172,0.013174047075869609,0.010659887784819504,0.004047818904808835,

0.02,1080
499,0.0480899383084856,0.014294701095117407,0.012015935020028559,0.0041237504975865456,

0.02,1080
499,0.04703265554850215,0.011412756612194682,0.011477358334087478,0.004006938215448105,

0.02,1080
499,0.048600863479171134,0.013277739286802488,0.01179737919420825,0.0039605138998532645,

0.02,1080
499,0.048673341002918126,0.01421986270757653,0.011631949157323428,0.003912060237964883,

0.02,1080
499,0.04380736509403344,0.010186361053833788,0.00969818238036442,0.0030884905337083064,

0.02,1080
499,0.043085350621891075,0.009691116908795,0.009779851941740839,0.00293419026173726,

0.02,1080
499,0.04374008753522671,0.010268976467282878,0.010633130034549397,0.004130358554378179,

0.02,1080
499,0.04550244901954516,0.012406556705787447,0.01091330207861915,0.0035732815732617738,

0.02,1080
499,0.04442443614494324,0.01080475337856081,0.010511167395957009,0.003323452835340947,

0.02,1080
499,0.048619391437002155,0.01238392963364116,0.01192801141969576,0.004320854538198218,

0.02,1440
499,0.049770224279768856,0.011888214307375768,0.012642220888643307,0.00421417666005468,

0.02,1440
499,0.04879793329425679,0.012348453074101616,0.012541716336505955,0.004075781580922514,

0.02,1440
499,0.04524639913138517,0.010601219727945789,0.011485487454335665,0.0040122730040932355,

0.02,1440
499,0.04989765595083866,0.012218904924592683,0.01278877254941301,0.0040784750866379605,

0.02,1440
499,0.04517101905288134,0.010489513990887394,0.010960785101890146,0.003998228254578489,

0.02,1440
499,0.04949776094102624,0.012160036224353861,0.012860197932478078,0.004089522524418581,

0.02,1440
499,0.050490698413895384,0.01222787447393561,0.012813421620199744,0.004557315665940431,

0.02,1440
499,0.04706342885026219,0.014241326438431236,0.011692851687826305,0.003965502517695359,

0.02,1440
499,0.048631197312158085,0.013473313391032695,0.014074176178735593,0.008224024111662332,

0.02,1440
499,0.05073802548162975,0.017021284195870068,0.01313681118232282,0.005529961067857949,

0.02,1800
499,0.04836288602338667,0.011787939157569666,0.012431531170997134,0.0037726755272403877,

0.02,1800
499,0.05091338732045607,0.011572071073742448,0.01430391757338418,0.005036658749237451,

0.02,1800
499,0.051518642037028155,0.013740408234439944,0.014840767016393582,0.008223266712406758,

0.02,1800
499,0.050497578575046276,0.011414271189348056,0.01331284785440718,0.004552307223303855,

0.02,1800
499,0.04747690530545181,0.009963309720142742,0.011209418453819273,0.0034838456010544677,

0.02,1800
499,0.04428857355681855,0.009068599025645392,0.01082872379993934,0.0035379798790368643,

0.02,1800
499,0.04661139633384289,0.009998787433534613,0.011375623111489914,0.004112359738023129,

0.02,1800
499,0.045814841715311014,0.010514896131954795,0.011866463690283213,0.005454527675629007,

0.02,1800
499,0.048381794806297326,0.011844234460385256,0.01259363023774187,0.003929824085141389,

0.02,1800
499,0.05094045258098224,0.011801572676239817,0.01422987526533696,0.0050837894742686626,
