
0.1,a3,360
300,0.02853609519234548,0.00806522773902597,

0.1,a3,360
3,0.008528613951057196,0.0022109240983446336,

0.1,a3,360
2,0.007505522109568119,0.00016580009832978249,

0.1,a3,360
2,0.0067806486040353775,0.0005320871714502573,

0.1,a3,360
3,0.020040265129258234,0.01740269727249286,

0.1,a3,0
1,0.008854503510519862,0.0,

0.1,a3,360
3,0.017401792264233034,0.014625422979770855,

0.1,a3,360
3,0.017171409834797185,0.014011445938267992,

0.1,a3,360
3,0.00708889146335423,0.0010661847904042453,

0.1,a3,360
3,0.007580010608459513,0.0014265325704466824,

0.1,a3,360
3,0.018292942472423118,0.016227604031642227,

0.1,a3,360
3,0.013395965254555145,0.009333586434500043,

0.1,a3,360
3,0.016590432496741414,0.012884317285894804,

0.1,a3,360
307,0.02830190242325784,0.008171023842647103,

0.1,a3,360
226,0.02809853229539848,0.007888611428584434,

0.1,a3,360
3,0.014872092365597686,0.011414806782291207,

0.1,a3,360
1,0.009899224620312452,0.0,

0.1,a3,360
321,0.028882980316215865,0.008522234973861653,

0.1,a3,360
225,0.027794989882450966,0.008282196946164526,

0.1,a3,360
230,0.028324508520207653,0.007981544531473074,

0.1,a3,360
230,0.028596412700236492,0.007879163960603133,

0.1,a3,360
233,0.02871048734263545,0.007570778011210595,

0.1,a3,360
230,0.02763702670901852,0.008133475342122817,

0.1,a3,360
227,0.02825238679470043,0.008081639945845542,

0.1,a3,360
230,0.02777981562843627,0.00806210330220043,
