
0.1,a2,360,222,0.027930276355127227,0.006594356790768629,

0.1,a2,360,221,0.028001401969547726,0.005999952504037581,

0.1,a2,360,224,0.03830171971016431,0.009653700609220987,

0.1,a2,360,222,0.028149725831541662,0.005308292534078148,

0.1,a2,360,221,0.028615711383285565,0.005560498352585458,

0.1,a2,360,221,0.028215980928441787,0.00556102931631982,

0.1,a2,360,221,0.025003915239648043,0.009316899028103837,

0.1,a2,360,223,0.027825855762768754,0.00624177306738224,

0.1,a2,360,221,0.025407844770918873,0.009061795648272955,

0.1,a2,360,222,0.026572054000319662,0.006625960496113039,

0.1,a2,720,223,0.02851992915280063,0.008446517162346463,

0.1,a2,720,228,0.041587996059669216,0.010794295901732847,

0.1,a2,720,225,0.030426136362883778,0.007039775569256393,

0.1,a2,720,223,0.02991190525565313,0.007318892113106613,

0.1,a2,720,223,0.0346830874146902,0.01174435244520432,

0.1,a2,720,224,0.029982920603028367,0.007480344095925688,

0.1,a2,720,225,0.02988144757019149,0.007513137768551366,

0.1,a2,720,226,0.04274399043678974,0.013763606871685149,

0.1,a2,720,222,0.029697290642673638,0.008543213858031579,

0.1,a2,720,224,0.033832953951787204,0.010493592984016682,

0.1,a2,1080,224,0.032472090621013194,0.010186410740701111,

0.1,a2,1080,228,0.04508503275237193,0.013581018340992113,

0.1,a2,1080,223,0.028649658754033625,0.010531276616482564,

0.1,a2,1080,223,0.03851987379331626,0.012312851088035603,

0.1,a2,1080,223,0.03217064841930241,0.006590557994722839,

0.1,a2,1080,800,0.04973905377439223,0.018976300037056356,

0.1,a2,1080,245,0.03244133994591479,0.00874622970125861,

0.1,a2,1080,226,0.04587758894993273,0.014757618497185482,

0.1,a2,1080,800,0.04974882214213722,0.01916367532930915,

0.1,a2,1080,242,0.04526621111753312,0.01712652431900077,

0.1,a2,1440,248,0.0382929474243053,0.015320898021594465,

0.1,a2,1440,225,0.03332818983743588,0.00854284751107468,

0.1,a2,1440,223,0.03889981017869818,0.01380366629524856,

0.1,a2,1440,226,0.04062520127446778,0.013410827039854273,

0.1,a2,1440,223,0.033770592582533177,0.010087681528657905,

0.1,a2,1440,800,0.05192075108527206,0.019807126887743373,

0.1,a2,1440,239,0.03423023561335258,0.009512169541764086,

0.1,a2,1440,224,0.04390666831334654,0.01333567526966897,

0.1,a2,1440,225,0.033783750380906793,0.011734841622660735,

0.1,a2,1440,240,0.04590915111281599,0.015383084594841787,

0.1,a2,360,222,0.02872414235445159,0.0029648294891302116,

0.1,a2,360,222,0.02752296957564918,0.005278910485709132,

0.1,a2,360,245,0.04330011079353946,0.00681202268724512,

0.1,a2,360,222,0.029453937077542413,0.0026287995295421573,

0.1,a2,360,221,0.02924576499056897,0.0029002896624639265,

0.1,a2,360,243,0.04039371331747422,0.008899156570072274,

0.1,a2,360,227,0.04113836086761321,0.008126317711245626,

0.1,a2,360,221,0.028275239508919317,0.005125521885366108,

0.1,a2,360,223,0.029018363242993974,0.004989712965808006,

0.1,a2,360,225,0.04097571052610874,0.00874419275283718,

0.1,a2,720,240,0.03692116691963747,0.006737065688294322,

0.1,a2,720,224,0.03751722291677392,0.006257681511255897,

0.1,a2,720,224,0.03896953773801215,0.005676890211256071,

0.1,a2,720,241,0.03948904459144441,0.005494171088111841,

0.1,a2,720,225,0.04636899191472266,0.01197008353668484,

0.1,a2,720,228,0.047839043804918206,0.009594264806925075,

0.1,a2,720,246,0.03991480740317242,0.004791513593683121,

0.1,a2,720,223,0.031153674863880258,0.0037630294057968815,

0.1,a2,720,227,0.04589961660361237,0.008260340144003552,

0.1,a2,720,223,0.031967444779693814,0.0047905533905640615,

0.1,a2,1080,236,0.0490205601702239,0.015360607471675202,

0.1,a2,1080,224,0.03336146212365877,0.007606612351674709,

0.1,a2,1080,224,0.03918944063480012,0.008463374823328398,

0.1,a2,1080,244,0.050333271524487216,0.014965815396172972,

0.1,a2,1080,223,0.032960869154721635,0.008941704489328302,

0.1,a2,1080,224,0.04669357358527902,0.011321541961230162,

0.1,a2,1080,222,0.032648375740291564,0.005897786078710643,

0.1,a2,1080,223,0.03337683591306744,0.004703152922932965,

0.1,a2,1080,242,0.042376852663587934,0.012082001246451745,

0.1,a2,1080,241,0.04056422493934508,0.007998559551584697,

0.1,a2,1440,223,0.03657266287960012,0.011612198842756136,

0.1,a2,1440,223,0.04636326522019278,0.00980217800277516,

0.1,a2,1440,226,0.0521751092582018,0.01709822959534882,

0.1,a2,1440,223,0.047711199755057894,0.019035332144544097,

0.1,a2,1440,238,0.04502729957281541,0.009260468487630987,

0.1,a2,1440,224,0.05201211937570146,0.016603113755541497,

0.1,a2,1440,241,0.04465614748863635,0.01025560709009445,

0.1,a2,1440,225,0.03940822188225057,0.01171262492254438,

0.1,a2,1440,223,0.045131154400150336,0.009877345619899145,

0.1,a2,1440,224,0.041341878373974135,0.010437146192033304,

0.1,a2,360,219,0.027436530957483267,0.004774273968306652,

0.1,a2,360,220,0.02807429458268664,0.002944191000676814,

0.1,a2,360,220,0.029206430539488792,0.0027999417204675413,

0.1,a2,360,224,0.0339199359171159,0.007448513002320938,

0.1,a2,360,220,0.028327930583195254,0.0051689755863478975,

0.1,a2,360,220,0.028531750486317006,0.0027207500369668025,

0.1,a2,360,220,0.028570257719944824,0.0034770759930128465,

0.1,a2,360,219,0.027383960702681922,0.004727595320365365,

0.1,a2,360,221,0.028633020333608622,0.003005453436864413,

0.1,a2,360,220,0.02638427109288221,0.00742930524606525,

0.1,a2,720,223,0.037062536068928884,0.006118439147207296,

0.1,a2,720,227,0.04632710898910456,0.008298200486696772,

0.1,a2,720,245,0.03801090989870076,0.006951044198993057,

0.1,a2,720,222,0.04133194077944568,0.00653619181114367,

0.1,a2,720,222,0.04611885385285761,0.010222749013239885,

0.1,a2,720,239,0.04126014238979402,0.006593071114841308,

0.1,a2,720,223,0.0389531240861178,0.004930408415223966,

0.1,a2,720,222,0.026776718474958126,0.008243178183860769,

0.1,a2,720,220,0.03118301968682896,0.00491810579135861,

0.1,a2,720,221,0.030191996446663167,0.0035633996016729832,

0.1,a2,1080,220,0.02829824760556221,0.00681888656153074,

0.1,a2,1080,224,0.050498772387592386,0.013773025867043463,

0.1,a2,1080,241,0.05050392759600616,0.013876456176391784,

0.1,a2,1080,222,0.0435336905296657,0.008213632566851996,

0.1,a2,1080,225,0.05008995405501789,0.013447275191379254,

0.1,a2,1080,242,0.049595171681890066,0.015520096898063593,

0.1,a2,1080,222,0.04348828529871933,0.011373889108293074,

0.1,a2,1080,222,0.03820278075196453,0.008827645036100494,

0.1,a2,1080,225,0.04927736421426137,0.015397918103101841,

0.1,a2,1080,221,0.032718750761982,0.004255139338892148,

0.1,a2,1440,221,0.03431093165591966,0.00655855705091784,

0.1,a2,1440,221,0.04800532301845729,0.017492688377385223,

0.1,a2,1440,246,0.05260704885562503,0.01598677932375786,

0.1,a2,1440,221,0.03409225060457018,0.005345714386563982,

0.1,a2,1440,242,0.043334173519656925,0.009924045972191308,

0.1,a2,1440,220,0.031900716276670044,0.00819456540173542,

0.1,a2,1440,239,0.04398846738897732,0.010745187699326102,

0.1,a2,1440,224,0.051769004768825004,0.016743754958583316,

0.1,a2,1440,223,0.044599400728840735,0.009609411698800478,

0.1,a2,1440,239,0.04402107384180549,0.009515082618907829,
