
0.1,a,360
309,0.03284073494221039,0.011808818529929864,

0.1,a,360
311,0.03329188927223493,0.01169939146043891,

0.1,a,360
311,0.035161698304440145,0.009682855764483996,

0.1,a,360
311,0.03636271774789791,0.009813862479808111,

0.1,a,360
310,0.03655812795078682,0.009000673412392612,

0.1,a,360
314,0.038394881184746744,0.012196305636976545,

0.1,a,360
310,0.03601107424605758,0.009022694573026176,

0.1,a,360
313,0.04491745381163784,0.012460945327418968,

0.1,a,360
309,0.035090600315957635,0.009596393201513228,

0.1,a,360
310,0.042075017748791126,0.01253862626108292,

0.05,a,360
295,0.038256347574830304,0.012718864133130272,

0.05,a,360
291,0.03939387454936134,0.01235177728649833,

0.05,a,360
315,0.03896071690149487,0.013740225343485858,

0.05,a,360
291,0.03932882911250431,0.01320682314954259,

0.05,a,360
325,0.04275375692245479,0.016980677524720853,

0.05,a,360
326,0.04192841532454466,0.014557283322514478,

0.05,a,360
311,0.03816164118743882,0.012349067377215042,

0.05,a,360
313,0.038318399624071846,0.014924157315799463,

0.05,a,360
318,0.03836358204387339,0.013998746807210902,

0.05,a,360
293,0.038460285627718624,0.013089693855296777,

0.02,a,360
500,0.050348886390216646,0.016760192445162532,

0.02,a,360
381,0.05000746346095924,0.01529705078511053,

0.02,a,360
395,0.047724149533535674,0.012975542732567322,

0.02,a,360
500,0.04901378476480022,0.015813888341973285,

0.02,a,360
500,0.05033178242389113,0.016250698764312038,

0.02,a,360
500,0.04706040710257366,0.010946110786954066,

0.02,a,360
500,0.05044350272929296,0.01684374072179142,

0.02,a,360
382,0.04812963559665274,0.015385971705721152,

0.02,a,360
394,0.04754633838511758,0.013251707027034047,

0.02,a,360
388,0.051952526845834845,0.018036787014649548,

0.1,a,720
316,0.04350930514312172,0.018551203890763687,

0.1,a,720
320,0.045211725495028075,0.015133717217912597,

0.1,a,720
320,0.03665543683673604,0.015395442124492615,

0.1,a,720
309,0.03839485950520847,0.010160003127384425,

0.1,a,720
318,0.04597468636695694,0.017455398599476937,

0.1,a,720
316,0.04316760389697207,0.0160922647497336,

0.1,a,720
306,0.03897422065218801,0.013327621303472835,

0.1,a,720
309,0.0366451648805399,0.010800341065541114,

0.1,a,720
309,0.037626998264698196,0.010163635917980932,

0.1,a,720
316,0.043278799255237074,0.017706945060858462,

0.05,a,720
337,0.04131599514156536,0.01628715285841951,

0.05,a,720
288,0.03836247314029606,0.0148660060242787,

0.05,a,720
306,0.038067804320009266,0.015168571455064693,

0.05,a,720
310,0.03737317064942251,0.014116352893393557,

0.05,a,720
311,0.03342044950759344,0.015258907652233351,

0.05,a,720
324,0.04175867044070827,0.023378987510868778,

0.05,a,720
305,0.03402485556473009,0.0180629479111769,

0.05,a,720
325,0.035554931383006846,0.017808004029803103,

0.05,a,720
326,0.033664111848606335,0.019132852427305506,

0.05,a,720
333,0.03821612539345975,0.02146781113135328,

0.02,a,720
370,0.04840996221236482,0.012464709817036398,

0.02,a,720
395,0.05204297912224561,0.01603073104597559,

0.02,a,720
500,0.04772831024229526,0.013382304789196131,

0.02,a,720
500,0.05330116488551721,0.01718582668999141,

0.02,a,720
400,0.04973086064273957,0.01577621500229179,

0.02,a,720
500,0.05467609999096021,0.020752155797786536,

0.02,a,720
386,0.04764485940484359,0.010883638127373663,

0.02,a,720
400,0.04737960566417314,0.010566543635099065,

0.02,a,720
500,0.054313999173697086,0.016019613387372206,

0.02,a,720
500,0.05608533589541912,0.019095078871893927,

0.1,a,1080
316,0.04616307697916121,0.020738030968179243,

0.1,a,1080
313,0.03675028990460232,0.012026675128303493,

0.1,a,1080
318,0.04782306590943404,0.02118639882353957,

0.1,a,1080
343,0.044845323114989885,0.01550349333198605,

0.1,a,1080
311,0.03588351845019572,0.011439502993728654,

0.1,a,1080
311,0.03725110802131666,0.02253189240167328,

0.1,a,1080
350,0.039709799479959264,0.025769161283878572,

0.1,a,1080
347,0.0345263982222547,0.015643567751005612,

0.1,a,1080
319,0.04716518050611463,0.020787348396462776,

0.1,a,1080
313,0.0453393722597224,0.020096668054092916,

0.05,a,1080
327,0.04773746956700875,0.02570352455016933,

0.05,a,1080
336,0.042489850612279646,0.01922772388642266,

0.05,a,1080
321,0.03876546905970787,0.015367137399586304,

0.05,a,1080
329,0.042948739120515916,0.0184957458385098,

0.05,a,1080
298,0.037405556722562884,0.01409668840866525,

0.05,a,1080
346,0.04091471358205089,0.017428737357642866,

0.05,a,1080
328,0.03762438096725041,0.0174861706614965,

0.05,a,1080
312,0.0479688368519792,0.023818668812002335,

0.05,a,1080
332,0.04223958895463182,0.018150411077676183,

0.05,a,1080
344,0.041907422225597464,0.018955665080739974,

0.02,a,1080
392,0.05263120810470392,0.015077823569622856,

0.02,a,1080
500,0.05472746902890503,0.017288308033964705,

0.02,a,1080
500,0.055552696616388855,0.015800769650751466,

0.02,a,1080
479,0.05987012577155656,0.022566303953117324,

0.02,a,1080
412,0.05136822737997524,0.013794554931651666,

0.02,a,1080
500,0.054746586561203,0.014866833159936352,

0.02,a,1080
500,0.056641494096256795,0.016497579485894514,

0.02,a,1080
391,0.06048332365251163,0.02436458627184067,

0.02,a,1080
500,0.05323684199852869,0.016579126594384236,

0.02,a,1080
379,0.058086316310739176,0.01940261212332822,

0.1,a,1440
315,0.04214738078991927,0.021462539393986575,

0.1,a,1440
313,0.0355895751560577,0.011395619855893538,

0.1,a,1440
313,0.03562490443011728,0.011702256964448614,

0.1,a,1440
312,0.03964507678234114,0.020277483672856887,

0.1,a,1440
341,0.043632848720172764,0.017080078275172952,

0.1,a,1440
347,0.04305941282210587,0.01765228489039866,

0.1,a,1440
314,0.04110689564966923,0.019911248892580696,

0.1,a,1440
315,0.03464139781611424,0.014265416233956928,

0.1,a,1440
316,0.04944460460241248,0.023530848078471136,

0.1,a,1440
312,0.035556544694536105,0.011449048895040325,

0.05,a,1440
327,0.04304015091748549,0.02245210680084149,

0.05,a,1440
322,0.037899077530105754,0.01574175046761159,

0.05,a,1440
331,0.04467099037069231,0.020342639836046904,

0.05,a,1440
335,0.05366967200968804,0.027485376117741826,

0.05,a,1440
354,0.04619628680135929,0.02117191418616699,

0.05,a,1440
325,0.049541981622146875,0.026152717543778813,

0.05,a,1440
317,0.03951550192164392,0.017635287972470864,

0.05,a,1440
335,0.05326372681727716,0.02678358370026405,

0.05,a,1440
321,0.03678906094747076,0.015048253718873453,

0.05,a,1440
324,0.03919403163721946,0.016691209578283586,

0.02,a,1440
500,0.05794908020272851,0.01753720719281152,

0.02,a,1440
500,0.052573114111553874,0.014470208558420393,

0.02,a,1440
500,0.05988931929413229,0.021150882754312678,

0.02,a,1440
500,0.0508601590199396,0.012681356465692913,

0.02,a,1440
464,0.0597405974047684,0.020560016036898835,

0.02,a,1440
500,0.05066098725795746,0.014526174222093078,

0.02,a,1440
405,0.05705289449945184,0.016764768688595232,

0.02,a,1440
500,0.05313452796591446,0.014463004400569726,

0.02,a,1440
431,0.05276286718597649,0.01386392399015923,

0.02,a,1440
400,0.0549910227698274,0.020412925835479708,

0.1,a,360
317,0.03799967194263961,0.012056556351651407,

0.1,a,360
317,0.03153620834009904,0.008851099535078032,

0.1,a,360
320,0.03398593404344865,0.0112671541492859,

0.1,a,360
314,0.03969017973549332,0.012260737951586135,

0.1,a,360
313,0.03520636790217802,0.012148854778770084,

0.1,a,360
312,0.03100473360077908,0.009397308531029762,

0.1,a,360
311,0.03753575323362179,0.011224441946191521,

0.1,a,360
313,0.03066579242588018,0.009077680113913595,

0.1,a,360
317,0.04002637301104537,0.012332951547559387,

0.1,a,360
314,0.03151927780282868,0.008172773585321109,

0.05,a,360
338,0.0352497999060392,0.01380081652747152,

0.05,a,360
311,0.0377582317986301,0.015515958274926427,

0.05,a,360
341,0.037814259999554574,0.013516113039645944,

0.05,a,360
294,0.03448489590129834,0.0120112704768519,

0.05,a,360
335,0.038451376644227264,0.01610577921806906,

0.05,a,360
327,0.038821807391058644,0.016489244165117385,

0.05,a,360
312,0.0380286788515663,0.015768535976780674,

0.05,a,360
325,0.035717558688125935,0.012869537107960512,

0.05,a,360
328,0.03298994369106367,0.01427641610071779,

0.05,a,360
328,0.03806437192010557,0.015853428571792293,
