0.1,a1,360
302,0.026538194126344675,0.008060054792941779,

0.1,a1,360
300,0.02640551339602098,0.008125819189108157,

0.1,a1,360
328,0.025271414987822403,0.012616052565489814,

0.1,a1,360
333,0.025684934216425627,0.00850555238938154,

0.1,a1,360
327,0.033533221631188416,0.012494582604978328,

0.1,a1,360
298,0.02671609234905508,0.00802642528807815,

0.1,a1,360
302,0.0268039931674235,0.008199863183078845,

0.1,a1,360
338,0.025800739545182232,0.008573000021810554,

0.1,a1,360
326,0.025645000827955827,0.009118626644793472,

0.1,a1,360
303,0.02504351563296794,0.008922059989849249,

0.1,a2,360
350,0.030272955033662063,0.009969372637886862,

0.1,a2,360
327,0.027184829736749332,0.008141993999269227,

0.1,a2,360
337,0.02713501644500418,0.008699654385802127,

0.1,a2,360
337,0.027083019891792483,0.008484793849584523,

0.1,a2,360
327,0.02656279614804717,0.008647902046054756,

0.1,a2,360
312,0.027148891833628744,0.008175007012928833,

0.1,a2,360
353,0.03169229907899166,0.01157260509211759,

0.1,a2,360
332,0.02614933563920905,0.009089165375997483,

0.1,a2,360
339,0.027477879632143497,0.008488499986841737,

0.1,a2,360
337,0.02624365409009866,0.009745673737825755,

0.1,a3,360
328,0.027874997955400542,0.007964727641659316,

0.1,a3,360
308,0.025613803640249875,0.010173635323971296,

0.1,a3,360
342,0.036667004033612706,0.011355647511454842,

0.1,a3,360
336,0.03445687307976186,0.011636570368981412,

0.1,a3,360
304,0.026626487749653233,0.008449677782954928,

0.1,a3,360
302,0.026784237138063504,0.00864140462931802,

0.1,a3,360
342,0.03434003271606386,0.011061556183755357,

0.1,a3,360
329,0.026361857584074683,0.009164516801440802,

0.1,a3,360
328,0.026954077633535037,0.008421834191545846,

0.1,a3,360
329,0.030160048538479263,0.010381695786210557,
