-8.393598935785540061e-01 9.773987280455008753e-01
3.663685249332929161e-01 -4.555750651233786641e+00
-2.763082178432113345e+00 1.777162797766812297e+00
2.215605682882017202e+00 -1.179329882902280913e+00
-8.203730985740143034e-02 -8.569315966632971016e-01
7.267286650111193236e-01 3.409801027751178548e+00
3.634657266584033763e+00 9.187100573908144607e-01
-2.527916297806077850e+00 4.015340636511490757e+00
-8.067376411377678025e-01 2.171428439497060214e+00
5.639692155031329479e-01 2.292190348891803175e+00
-4.518052193849348974e+00 -1.897989661256434646e+00
4.389725785063290253e+00 -2.090315187842265665e+00
-3.190437950529526834e+00 -5.287742322200666978e-01
2.633153598215537627e+00 8.092676975321689836e-01
-3.686621636980551120e+00 -3.126839262859665958e+00
4.374539057963727551e+00 7.969180413357453974e-01
-2.686582065202904879e+00 2.060624302540229991e+00
2.209053658422334143e-01 -4.677644915318509788e+00
-1.872852870679043713e+00 2.876475385326939249e-01
-6.465733793459537138e-01 -1.664098397729680601e+00
2.750788550573370905e+00 3.993725694105136892e+00
6.077958560331543358e-01 -1.852649802028803805e+00
-1.973578010889052825e+00 3.467449991675928267e-01
-6.682363979529046816e-01 2.568995204158812662e+00
-2.422201050130006195e+00 -3.040318495083318417e-01
-1.871591792923408271e+00 -1.158472243102069310e+00
1.428297643693885677e+00 1.212348836194676371e+00
-9.554619499737170285e-01 4.536390846230268004e+00
-1.838551292828582318e+00 1.983884407441214304e+00
-2.826490794611442037e-01 -1.075830283765257134e+00
1.988634635498894188e+00 3.527645661506308983e+00
3.714651291733504390e+00 -7.235842018304146084e-01
1.521706364453913718e+00 -1.608917745441451164e+00
-4.296172659637532476e+00 4.540642981325532790e-01
-4.685047821913346233e+00 8.498731185640467922e-01
-5.489936226585289125e-01 2.974874258513787062e+00
-1.564003751866290370e+00 -6.400123501185914776e-01
-2.714796736681455158e+00 1.053619725755209902e-01
-2.887620773300429988e+00 3.402745875423601962e+00
-3.509145567717128600e+00 -1.208777235455033905e+00
4.257073664292544635e+00 -2.129698297262048179e+00
-1.916937559789634538e+00 -9.372164656666504001e-01
1.595341989018317808e+00 -4.041393718904677357e+00
1.708831358818462709e+00 3.821904368276555441e+00
-9.407049171042050073e-01 1.095728027649795600e+00
-1.921405275435870141e+00 1.384962554527447987e+00
-2.958065111652338430e+00 2.203194148386142359e+00
-3.457116374067959352e+00 -3.564611903700377837e+00
3.345918117729058672e+00 -1.387003594278920504e+00
4.855833768790211558e+00 7.952803417384569223e-03
-7.709136370694380513e-01 9.584638225955842694e-01
3.532588294155669217e+00 2.569688412166742264e+00
-4.067059935201477572e+00 -4.837377236906503231e-01
-4.831075293307672602e+00 -8.633069579076581013e-01
1.390120958090810710e+00 -4.757303952296195959e+00
-9.910409283196623953e-01 -1.916725557337467523e-01
5.333695740957243858e-01 6.503331783112173969e-01
-5.419238752723676972e-02 3.340958983409720862e+00
-2.157436394371946342e+00 1.495759687850204855e+00
1.121762778657311888e+00 -6.955634733669608938e-01
-2.784287244339600065e+00 -3.423040281149750452e+00
3.243470262356424438e+00 -2.806383556006661006e+00
2.488874422225933802e+00 1.803893012873243773e+00
1.010902826385607689e+00 -4.729348675938805258e+00
2.434802104955854585e+00 3.499521039075057516e+00
1.722555250732223042e+00 1.914569191657550906e+00
1.759551810922867832e+00 6.407729658624725655e-01
5.807586654188855446e-01 -2.581758718820211795e-01
-9.389614128563460449e-01 -2.972431953466121879e+00
-1.012999992699430418e+00 -3.121438790773636729e+00
3.911592037115454445e+00 -1.579601298276333665e+00
2.131323427140988436e+00 4.621168054433678063e-01
4.413322397345492476e+00 1.235236594438925861e+00
1.656550754906830569e+00 -3.321839983325298173e-01
-3.988286070972216990e+00 3.350880056999386986e-02
2.043308301077732647e+00 -4.230744927613655726e+00
-2.622204124218321830e+00 1.571304839223530703e-02
-1.135150450643916065e+00 3.295692342172940492e+00
-9.997726495811747327e-01 -3.966389012642884460e+00
-2.757432572569187723e+00 -6.302396809075556661e-01
-1.657968756883415162e+00 1.229769664790056227e+00
2.814927898080762603e+00 -3.034240791883738186e+00
-4.010387978343719628e-01 2.205374455008106693e+00
3.608392838576026218e+00 1.702976702871205061e+00
-1.302504262620623354e+00 3.508026155630899812e+00
6.644760247749442739e-01 9.540075812335460093e-01
1.982822647996818954e+00 1.497713540615206451e-01
7.931952697496524873e-01 -1.847503130067070121e+00
3.057302184624785646e+00 8.978204239421967436e-01
-6.051763046804247148e-01 -9.515412537514479352e-01
3.443521095745278426e+00 -2.308063941159957722e+00
-1.470836616615220471e+00 -2.296512249145166162e+00
-4.572322431120132147e-01 1.232479742035827108e+00
3.071580899966680267e+00 3.897089156103148433e+00
4.236214671621971739e+00 2.073583361300614047e+00
2.824796655579830951e+00 -1.038907004565437608e+00
-4.160674743974401402e+00 -3.722698886107164151e-01
-3.235891678634733371e+00 3.203821954073708955e+00
7.389433007128443087e-01 -4.364004328695433976e+00
5.823546891731365971e-01 -2.216194068625035207e+00
-4.051984749040735245e+00 2.586565321271434570e+00
6.966095974572529270e-01 4.285782995091982350e+00
-1.648886677610337914e+00 -1.696188515091218374e+00
3.459233843893971372e+00 1.467080389677318131e+00
-2.953256630205640665e+00 3.270088357644455268e+00
3.291102935051778200e+00 3.195536251654689242e-01
-4.319662721428201735e+00 2.163595104909956213e+00
-2.889208828152212138e+00 -2.562036434574800570e+00
-7.848934470592551227e-01 1.463227394040263141e+00
1.092992329058978918e+00 3.605652905650884588e+00
2.176849993230026481e+00 -4.495894204305225017e+00
3.302659726203299062e+00 -1.883249548616001467e+00
-4.026671663320426475e+00 9.545119732785668498e-01
5.563645760901874127e-01 -3.183197880229245158e-02
-1.109314780665075828e+00 3.386632945424717378e-01
-5.948571073228546835e-01 -2.603629380859821651e+00
2.969967575618868594e+00 -1.014762257719467708e+00
-1.768404630741037487e+00 3.748249835285312748e-01
-2.202738829197809167e+00 -3.978901180123856740e+00
-3.411993703576701176e-01 3.007583262153260328e+00
1.107698984155726984e+00 -4.718447643519368739e+00
-2.933485838157184888e-01 -2.477167272848256108e+00
-1.614554905317681754e+00 -2.065479112407675899e+00
-2.251962508781256478e+00 1.439629423025509558e+00
-2.799679103533148083e+00 2.031956722356914824e+00
-3.394117831464649626e+00 -3.662501113814244924e+00
2.075380158462441837e+00 -1.405953226130317146e+00
-2.112255834760448092e+00 2.039191649347856128e+00
3.155437492043006831e+00 -2.995869496033797041e+00
2.506836347716333346e+00 3.664344305754737352e+00
-5.777690275983647650e-02 3.750322806546321774e-01
-3.934387517346135343e+00 1.729919730594716709e+00
-2.521248777986067946e+00 -2.807556678644592019e+00
-3.452816571763041686e+00 -1.691216146510403862e+00
4.553355749666597063e+00 -1.397405888444946287e+00
-1.794465877018998512e+00 -2.701272384214148392e+00
1.806208703294069629e-01 3.668132670011649221e+00
1.361479298393210469e+00 -8.968227313653724941e-01
-2.701441452732800563e+00 -2.555804873246283332e-02
-1.152691343797044521e+00 -1.225948805547389941e+00
-1.898089555774439052e+00 -3.997983820383895548e+00
-8.790103080433941951e-01 1.641125952487610729e+00
-1.503194449039972014e+00 6.599573958471884882e-01
1.678536188932807871e+00 -5.717273054177447467e-01
3.780299906561457313e-01 4.517798381909160277e+00
1.347253070368150896e+00 -2.419063363081916496e+00
-6.697187311300493162e-01 -2.880127868219924281e+00
-1.605975408900918833e+00 -3.551006851966439726e+00
-6.285237234758548341e-01 1.178555327219709792e+00
-2.709103638735130826e+00 -1.097795087093762278e+00
2.778921637154477153e+00 2.259299846046513682e+00
1.984287571203545930e+00 -3.112005345259481803e+00
-1.755957903315100710e+00 1.529712069568670341e+00
1.468993088656283641e+00 4.635723003080672200e+00
4.102337140589440878e+00 6.125436995782131966e-01
-8.128091425384134094e-01 -2.402764662143839658e+00
1.285283836558277271e+00 -3.977334933236709613e+00
-3.485578157995269932e-01 7.892579922547761084e-01
-3.885010652378125595e+00 -1.011617621951376611e+00
6.713994273451836525e-01 2.702068142444055354e+00
1.554835439106511466e-02 2.511827860606319351e+00
1.197231448450231772e+00 1.093640550035222203e+00
2.660568323603580865e+00 -7.605036039169706941e-01
2.956700267812625516e+00 -3.284437892639512580e+00
-1.587860910246788659e+00 -3.714697382734736930e+00
1.633535092877136607e+00 -1.594180633583009432e-01
1.466095206807592755e-01 -1.263170766556707569e+00
-4.070208085246770358e-01 3.961985250517126911e+00
4.819059244751598969e-01 -1.799950513744633662e+00
-4.046072204648551107e+00 1.960267270898237157e+00
-4.429582611459370156e+00 1.543932775629168308e+00
1.076514184822748188e+00 -1.740371961595572392e+00
3.155778679607800230e-01 1.170421692591420149e+00
-2.890786640490291326e+00 -6.810937731385610094e-01
4.589145743170710001e-01 -4.827769820068971818e+00
2.726479367041296342e+00 2.773713245890648160e+00
3.323336099111843023e+00 -1.987801876728002570e-01
3.049788135384237986e+00 2.031521769216166007e+00
3.130751704503165200e+00 -4.496625747775269688e-01
1.934002024181474821e+00 -1.420031416485703524e+00
2.912277481047429895e+00 -1.154342487910619663e+00
5.714445356571355994e-01 2.474896850351909983e+00
-1.258575910074206217e+00 -2.734538386640581908e+00
-1.364471519003871647e+00 2.806582380115316244e+00
1.429251514788535848e+00 1.487323897148759899e+00
2.232658093619065198e+00 -4.026281882701765014e+00
-2.486912214147184663e+00 -8.247300924820798462e-01
4.970797045293961602e+00 8.347112113467301808e-02
-1.683060058439014739e+00 2.333730213781751051e+00
-1.836490970353409358e+00 -9.908911622471275882e-01
1.338428128759319602e+00 4.513554164229733878e-01
-5.283946571065383235e-01 -2.120620169509735753e+00
2.388204935721283118e+00 6.386977393576144246e-01
4.304682693479263023e+00 2.148147240108983613e+00
-3.312897389009759497e+00 2.576619966710706144e+00
-5.501360674180910681e-01 4.564486169882275846e+00
1.398625653723756690e+00 4.348969344630066125e+00
-1.318385825176329185e+00 4.128002736458920019e+00
2.296634445591564377e-01 4.899322563645414519e+00
3.919567517387109401e+00 -1.018249625744158005e+00
