1.854497479826256789e+00 3.060898567587512442e+00
7.808175835535983988e-02 1.853677254016877773e+00
-2.400095559160476899e+00 -2.349109172373781806e+00
-4.001609310731022440e+00 -1.152871229525592067e+00
-8.228753516092581766e-01 1.149748559913655210e+00
8.669913191391699359e-01 -1.922790098103257961e+00
-1.633554090218411581e+00 2.948564104307506373e+00
-2.761202342816809541e+00 -2.205143636851537303e-01
-4.039890722002023038e-01 -3.265285650694640385e+00
-1.602519582788076047e+00 -2.924613749403059515e+00
-4.030113084982360760e-01 1.888321037714994155e+00
1.331074955979163699e+00 3.762744455228061558e+00
3.338095262999773993e+00 -2.695736107846189000e+00
9.238299286060014381e-01 -3.061539209498044478e+00
5.900768767317138286e-01 -1.303284688235293531e+00
9.365903416436510698e-02 2.637101923162971318e+00
2.296600028215630918e+00 -2.715459353557083233e+00
-5.747951807243012468e-01 2.632439268160601920e+00
-2.909767126126106440e+00 -2.282798897564031648e+00
7.082421448776299311e-02 1.548505910623829473e+00
6.037983365667758395e-01 4.429154981163878624e+00
-4.240548993653838750e+00 -1.301521143692624838e+00
3.045460869959413230e+00 -2.028866407020654794e+00
-2.421124410557500717e+00 7.700474382137848517e-01
-1.977040436837441018e+00 4.115840611450432895e+00
1.554680428677589488e-01 -1.238345132399001125e+00
-1.095229508363456006e+00 -5.575192554547080820e-02
-1.905231011557136922e+00 -8.252842783565728091e-01
-3.280429403054374582e-01 7.524524052248712236e-01
-1.157098275952289201e+00 2.647260650710395513e+00
2.014240030810686033e+00 -2.527953955567005195e+00
-1.218815157344080857e+00 -5.894658224256092531e-03
4.052315563580473068e+00 2.593560012737239795e+00
1.502343152865538212e+00 -3.982398900685490961e+00
2.088125877447299938e+00 -8.792701747525977218e-01
8.347489669963230607e-01 -3.925063505672390818e+00
4.665258992382997683e+00 2.340417271779492714e-01
-5.885524658726383196e-01 -1.870074168214148902e-01
3.975669702060584676e+00 -6.550554121258911344e-01
-4.193109694925801101e+00 -2.365914722614094856e+00
-3.406845310577208075e+00 3.449252966287589039e+00
3.801650678546461215e+00 7.628448140156761648e-01
-3.604460755058181753e+00 2.667718847092631851e+00
3.673887455697261828e+00 3.008022229877909570e+00
4.175072500894706273e+00 1.201585883503631269e+00
-3.819625211267390075e+00 -8.740281495692361347e-01
-1.697896943818137494e+00 -1.431688778247291571e+00
3.030786097233556742e+00 1.512556970618744501e+00
1.305202192642974879e+00 -2.313224988048883102e+00
3.555355161421139165e+00 2.960577518253507012e+00
1.779682638927801541e+00 -6.047386801626097874e-01
1.196588674213872272e+00 2.355917252864458411e-01
-4.451782771669493322e+00 2.576685497337945496e-01
-4.677215395717998270e+00 -1.232358002886185355e+00
9.013530549812496240e-01 -3.395604911030785544e+00
-4.894155946153866843e+00 4.167177635217728660e-01
-3.783917589719570707e+00 -4.531191445254937472e-02
-2.406149822439396235e+00 -1.761433878753147830e+00
-2.358479666395979724e+00 -3.163103289100880122e+00
3.846370724431160237e+00 2.457122644599540440e+00
-6.185183733885338819e-01 2.129140555845802751e+00
3.783698455758988111e+00 3.202309782786817216e+00
-1.616561024586896878e+00 2.144949627225994082e-01
-2.017133564243643651e+00 -4.180252771635464271e+00
-8.531334699747061823e-01 3.433184247495602470e+00
5.924637592522553620e-01 4.572954544372569430e-01
-3.414121308638776942e+00 -1.835774635231600393e-01
-1.223774220062518348e+00 -3.047442665162488407e+00
2.106047474045462664e+00 -2.816841527891881913e+00
-2.304313400566377013e+00 -2.679659137443012096e+00
-3.711798867701762816e+00 -2.057585003471129159e+00
-1.493176959455620567e+00 -2.963284112850763652e+00
8.083752240159371993e-01 -4.415073043718827084e-02
-2.256933223072803862e+00 1.255676927473363236e+00
3.233294088389919163e-01 2.106290757941049030e+00
4.190299178323998675e+00 -3.944647570874257325e-01
-3.798611343054448586e+00 2.480336482556430688e+00
4.605684384840510681e+00 8.519839873596105617e-01
1.711883291071643498e+00 -1.650087025627039905e+00
-3.570407058743572559e+00 2.869442848026130477e+00
-3.887184173674553267e-01 3.354224294058238964e+00
-1.599861320272967791e-01 -3.503515198901292482e+00
-7.849709099560845393e-01 -6.703738083215713406e-01
-3.872183380663047902e+00 -2.116499392903572474e+00
-1.197509839514782737e+00 -2.774948765824448937e+00
-1.269023677114401449e+00 -1.287657089855061665e+00
2.927792801049200921e+00 -2.056716613138442895e+00
-1.741133391517275975e+00 -2.922560019591553981e+00
-1.299788660114130412e+00 4.496054528834711128e+00
2.606548953553917136e-01 -4.312620098649611045e+00
2.079980401787323796e+00 1.622653254630512354e+00
2.764259715170220844e+00 3.042090942237998696e+00
2.156171978901197106e-01 4.119460168592419258e+00
-3.636868450532158903e+00 5.737958543358424590e-01
-2.546089475209255326e+00 -3.988676973059442687e+00
-2.351033979369915095e+00 2.911124522910634393e+00
-1.405441778082632487e+00 1.990597024844936280e+00
6.512171096949437299e-01 2.418446825178143467e+00
-6.088921142617236271e-01 1.393802703422229339e+00
-3.954313922398361436e-01 4.267589305407211597e+00
2.672735619938997331e+00 1.285420036177974401e+00
1.233074338698473271e+00 -2.677824769309218755e+00
-9.532385599750953231e-01 -2.558924388286894391e+00
-3.679230760978999260e-01 6.883713587410431600e-01
4.426834617798381721e+00 -1.159327834797526213e+00
1.515825114352597813e+00 2.723438537382457891e+00
1.904052889848060648e+00 -1.401705952842524638e+00
-2.812907460018598815e+00 -3.149957993638923259e+00
-3.883914586738342667e+00 9.150085445832545350e-01
-6.819579090300430524e-01 2.309887945603547710e+00
5.510463025496354916e-01 -2.960863420760791342e+00
-4.330032785344211099e+00 -1.539990375346213858e+00
2.896292459356557991e+00 -3.853943508071794977e+00
-1.197525725871407376e+00 1.102488703315909646e+00
-3.779755948748043437e+00 8.638931036184360757e-01
-4.891393705759668364e+00 9.422503157741842772e-01
-3.030288521912062549e+00 3.361429368494323278e+00
-5.552232232342616536e-01 2.226867956288245409e+00
-1.654774453012389790e+00 -1.449212131979873863e+00
-1.538706953542662514e+00 3.060611264349570870e+00
-4.041856736765295222e-01 1.631370222772467349e+00
1.618780259145459643e+00 -3.713866885160122866e+00
2.916294198453252218e+00 3.656332522741732927e+00
-1.635415555731929427e+00 -3.223593506150691734e+00
3.748140758108898130e+00 -1.168768751690719032e+00
4.247412078141395320e+00 1.814134437041284631e+00
-8.704475463005432179e-01 -4.633156048767878232e+00
1.519395182208021611e+00 -3.702201784858536904e+00
-1.168141720445349252e+00 1.501299323758616078e+00
4.192351570456095189e+00 1.741084230318684645e+00
-1.522573925792260585e+00 -6.996107859797908723e-01
4.231547607848685111e+00 1.920124857471604995e+00
1.610421059495994900e+00 2.673194856609196535e+00
4.171822754685796220e+00 1.286728763784518392e+00
4.658465195567451644e+00 -7.094458417638030978e-01
-3.183292089373912948e+00 -1.175340903897157618e+00
4.705732975820862696e-01 -2.833571650973931710e+00
9.519619608654595888e-01 4.492611480388283063e+00
-3.395688600279238134e+00 -4.232747987631890196e-01
1.020426859518221097e+00 4.076454021463756128e+00
4.222033360428961046e+00 2.286959702702035191e+00
4.893183983140973581e+00 -4.258337531703794698e-01
6.982713753452575167e-01 2.324474945169205053e+00
-5.922998295134490609e-01 3.775073780573279691e+00
2.954781090912402819e-01 1.078583189635596629e+00
-2.953939744620402319e+00 3.411168397962571319e+00
-3.084010076317591942e+00 6.716264435348723305e-01
8.033017218535859483e-01 2.542591896272313079e+00
1.793499405080733577e+00 2.492648558407834614e+00
-4.108454875488940061e+00 1.779751591907700048e+00
3.064291762629418048e-01 -3.582478305835139043e+00
-1.095403357520873255e+00 1.082912287243530169e+00
3.638020757261075211e+00 8.947334475166143219e-01
4.314234322978295566e+00 1.871974137638882985e+00
3.032066900512515595e-01 1.027132244534070260e-01
2.987853191219724369e+00 3.605112952983534402e+00
1.141428962548760306e-01 -4.944043054935078452e+00
-2.234862512343180896e+00 3.164894648896250828e+00
-3.027215238403540898e+00 2.211825482331862602e+00
-1.176823635644142829e+00 -8.429938052109537949e-01
-3.501270773813318193e+00 -1.968575268805594636e+00
-3.012774932829412666e+00 -9.358853475466817340e-01
-6.206824667538574092e-01 -1.807755382860560256e-01
3.565295658786629129e+00 1.654455319775715860e-01
2.030148330224045505e+00 4.078995717272484001e+00
6.784992938023772791e-01 -1.223523400158696761e+00
3.464993440180694328e+00 2.121830765893898629e+00
-4.257019255915877487e+00 -8.686854828604136936e-01
-2.329428593609440767e+00 9.913974738499629069e-01
1.341545574550298436e+00 -8.855063475552931163e-01
-6.497026599920947554e-01 3.926722681680508309e+00
-9.621767466851310902e-01 3.254885943528247338e+00
1.451913616591264500e+00 1.442242045757150093e+00
-1.475296305614228753e+00 -2.931114617036709724e+00
2.504505711691110692e-01 1.745390407194483018e+00
-4.677193253363451930e+00 1.479970170760278148e+00
1.479449060939489913e+00 3.329476983988923333e+00
-4.008897162956624349e+00 1.820192568155758917e+00
2.567304990425952838e+00 2.048756307242131758e+00
-2.533244796790856235e+00 1.008190860917767440e+00
7.906448386114557358e-01 4.533377231408938890e+00
9.668967575398418335e-01 -6.747230418154012144e-01
-2.752363971311328150e+00 2.538372688684117584e+00
2.046657393474625941e+00 -6.939359969392362437e-01
1.992251467028755441e+00 5.324307334299827055e-01
3.879963066012053652e+00 1.844945912032722291e+00
-1.828460526375936368e+00 1.303464231980980381e+00
1.646511613220219994e+00 -2.463904712618382842e+00
-4.290587615413852696e+00 -2.520300524539672349e+00
1.167116190120698782e+00 -3.025471730570042261e+00
5.981741289294933983e-01 -5.505605829081909597e-02
-4.675291988798822906e+00 1.755551544959246535e-01
4.333071085279460277e+00 -4.702873369238458334e-01
3.485519683280497549e+00 -2.063801304158303651e+00
-2.054829355986284689e+00 1.951949914143035425e+00
-2.303601378208161243e+00 -4.135876380319050138e-01
-3.804823027388581913e+00 8.934926860410139504e-01
-3.368271208694624708e+00 3.005781854042970380e+00
-3.776727514834744337e+00 1.100302210475104653e-01
-6.117336963932155092e-01 -3.267578423265209420e+00
