1.867483624270750431e+00 -1.344979045043160237e+00
1.152778738433599237e+00 3.152362041012363836e+00
4.268780424183508337e+00 -6.548820598831883721e-01
4.344040191799579453e+00 -8.500457115582240597e-01
3.144276002894780486e+00 -1.911580060591244745e-01
3.115255811356784310e+00 -8.540709745331332980e-01
4.375008167343216847e+00 -6.995707540838520533e-01
1.921751478787850242e+00 2.153977013835822518e+00
1.025487528521741964e+00 -5.423877745470776501e-01
4.907895982827341630e-01 3.859672606873605805e+00
1.713628389244585604e+00 -3.138574008337457588e+00
2.505983452032053971e-01 -4.956119065200086382e+00
4.227266411638175292e+00 5.148654126000897779e-01
5.920207248100443076e-01 -4.495732315747900998e+00
3.367017069506294646e+00 -1.820815956457044527e+00
3.261093960016768545e+00 -8.971879083691770562e-01
3.758704966229085898e+00 2.746907769406647493e+00
1.091004776909104551e-01 -7.685405771463140745e-01
3.535114937550483116e+00 -5.161076291423848383e-01
7.195348636624436522e-02 -2.566832996593560789e+00
1.172510853170259715e+00 -3.860725968687217957e+00
2.261402704341357595e+00 -3.889578798226074330e-01
9.588539707784438093e-01 -4.514757865985365548e+00
4.735806793302758777e+00 -6.760017190346436777e-01
1.941179004095180183e+00 1.002448882555336818e+00
3.719247943385284305e+00 1.676862317644089329e+00
3.542673253503205721e-01 -2.617493282493303486e+00
3.525745353737317789e+00 -2.920965210260383582e+00
9.173891322912273161e-01 4.281353544705893910e+00
1.185011461466034088e+00 -4.707968872911500569e+00
1.559172359874537950e+00 2.396109944506463474e-01
4.507373756931612796e+00 3.345225871178085786e-01
4.061169187358919935e-02 -1.639505194957928458e+00
2.420397151066286057e+00 9.851526298949164762e-01
2.635298929945484758e+00 3.924661923750647485e+00
2.051853634938674009e+00 4.329484692898581399e-01
2.079358512262649672e+00 4.056926320171217348e+00
1.654446239945692287e+00 -4.634341459021360521e-01
2.805595643080863955e+00 -1.813893157422528324e+00
3.922274747772288350e+00 -1.317591009383644485e+00
2.366428026254622008e+00 1.830750824057346460e+00
1.287482951476124571e+00 4.591686290715006002e+00
1.376346464531346792e+00 -2.959755786129684818e+00
1.178659706328228030e+00 4.533019500840011595e+00
1.166776434757996306e+00 3.938617364664071197e+00
1.992453519317441746e+00 2.512125712600609795e+00
3.055176587704321101e+00 1.401720175376169442e+00
1.878963954087092381e+00 -4.482871575134864450e+00
1.064109099390476709e+00 -1.851952383257677859e+00
5.596296423666929920e-01 1.155710541831886706e+00
4.459544638077285406e+00 -4.689816901754228495e-01
2.473218683414235564e-01 4.398732088282319985e+00
9.799889673082352592e-01 4.385358918448790000e+00
1.982406200673039853e+00 -3.635112699322559759e+00
1.430057600475194146e+00 4.175083262820037611e+00
1.850174398742505444e+00 1.579407834340500472e+00
2.861745590458270705e+00 5.227233126942574248e-01
2.820816339199423428e-01 3.282428611806851304e-01
4.119226599809126199e+00 -2.635890824947627831e+00
2.372299144394898196e+00 -3.089943948482052782e+00
7.554830221693149550e-01 -4.231813479228571317e+00
1.561736263972306693e+00 -4.604864895165924565e+00
4.175973563218743578e+00 -4.924590829686453786e-02
1.922633891728354749e+00 -3.167063562984589353e+00
2.386147104938820984e+00 -4.224898736627312523e+00
1.387517020741703133e+00 3.527074310484298536e+00
2.010184527733133386e+00 -2.973376747339571136e+00
2.785656570238416174e-01 -1.202130649275176266e-01
6.047436233924553539e-01 -2.321739286194878904e+00
1.836254015602056811e+00 2.466814847033552693e-01
3.367057994184302405e+00 -1.282014528233561990e+00
1.884816174536920963e+00 -8.526213174124382954e-01
1.721269794418108234e-01 -1.798564411476661462e+00
4.054515906224532173e+00 2.753325781285222096e+00
3.080820512783025933e+00 -1.717110841907321106e+00
2.085570717746245695e+00 -2.406404040788693077e+00
1.664796551178870709e+00 2.555252885891916570e+00
1.688471620195514777e+00 -4.300876046892470050e+00
6.291957324731097811e-01 -8.645322091031251155e-01
4.153534916237896724e+00 6.223540310688349120e-01
2.479755487622120835e+00 3.736382932626798326e-01
6.167822500179246381e-01 -4.381202051281531951e+00
2.747709753231264873e+00 2.022689664840800206e-01
2.079545466008177801e+00 -2.088954574324686231e+00
4.649066206365443321e+00 -6.885903127302911431e-01
3.348953768776772755e+00 -1.208399750334413492e+00
3.744039984174238889e+00 1.278567857522278528e+00
1.243204822188906933e+00 -1.854260752062680595e+00
3.251710255432377128e+00 -1.331107514358208066e+00
6.058052695672598853e-01 -4.626853024472248777e+00
3.670932929802355638e+00 1.803329259434422127e+00
2.650393903936779094e-01 4.773435204498908568e+00
5.968371910936878105e-02 -2.873567913323665568e+00
3.847179437831969917e+00 1.053229202954059085e+00
3.290935076709858187e+00 -2.895479612830347271e-01
3.675016266279811816e+00 5.463924378556636041e-01
2.332862738252435619e+00 1.720918912998428363e+00
3.945247643474853572e+00 1.113828531001150424e+00
1.888508113449571146e+00 3.617072479790971240e+00
2.495219181609591441e+00 -3.537059990358371042e+00
1.659639181399698238e+00 3.866823685062964255e+00
3.523018647970798778e+00 2.904983978741877859e+00
3.499917637219017719e-01 -3.393477770411431838e+00
1.801568809124769910e+00 -1.034330536825518898e+00
3.324146880614154753e+00 -1.600995051046740336e+00
3.385318929160403112e+00 7.771884871817176244e-01
1.094735659329705513e+00 -2.557769546792143522e+00
8.919655679159974593e-01 7.810044588412997646e-01
1.024974464822905551e+00 -1.079303690498400581e+00
