
0.1,360
230,0.020505568189748927,0.00751472361893045,0.013784290953417835,0.007515579599406114,

0.1,360
231,0.019901922923105556,0.00632562449857928,0.014568703587207457,0.007034210524811353,

0.1,360
233,0.020187514772151034,0.006514028322732582,0.014544837449773633,0.007042949294250351,

0.1,360
233,0.019750679412441,0.006022555530374274,0.014088954130219745,0.007018686996357476,

0.1,360
231,0.020437333342776476,0.00629574606748434,0.014328723659981852,0.006881777389091281,

0.05,360
234,0.025289861977888413,0.010786580131651303,0.0109180604131558,0.006391833761679666,

0.05,360
233,0.02531935766643081,0.01095071050751135,0.01089487068860888,0.006345638994052507,

0.05,360
243,0.026149092749941618,0.012254802739831405,0.010966615936110827,0.00664287495699067,

0.05,360
242,0.026339896790075215,0.012222576905841137,0.011255666617427237,0.006809872386699856,

0.05,360
237,0.025717167836075593,0.0110853284762943,0.011124999248580533,0.006511932210188427,

0.02,360
344,0.04067463931955159,0.011010202492348397,0.008105020865873802,0.0034613924113991745,

0.02,360
347,0.039551151930475315,0.009430768785517716,0.008073299606411443,0.003252085606203378,

0.02,360
351,0.03997222899042728,0.010803507672208584,0.007869043669530323,0.0033579500320206194,

0.02,360
500,0.039955398611724376,0.01041884434768068,0.00808676677197218,0.0031003747682361404,

0.02,360
422,0.0405408460387554,0.010848600509451314,0.007961459429184267,0.0030280404960516816,
