
0.1,a3,360
372,0.034183960174515804,0.007398888038062217,

0.1,a3,360
3,0.01609965235305329,0.006633096522509631,

0.1,a3,360
3,0.00911656868023177,0.0008363990861310559,

0.1,a3,360
3,0.010413953491176168,0.0025543595984783185,

0.1,a3,0
1,0.011434625834226608,0.0,

0.1,a3,360
1,0.014130755327641964,0.0,

0.1,a3,360
396,0.030590121073394337,0.011470548200742201,

0.1,a3,360
394,0.03003117779912758,0.011828621816344746,

0.1,a3,360
398,0.034148016165305474,0.008106551168925981,

0.1,a3,360
424,0.03328451303268765,0.008926854898085097,

0.1,a3,360
500,0.02814173853304237,0.013032526401905624,

0.1,a3,360
500,0.032944047819357364,0.008811883121262338,

0.1,a3,360
686,0.030727170444427618,0.011072367803210128,

0.1,a3,360
500,0.030922909275162964,0.01236704730383334,

0.1,a3,360
291,0.03567189371526958,0.00840603987596259,

0.1,a3,360
620,0.035494487149821174,0.008552808592060847,
