
0.1,360
310,0.005153060583547959,0.002001189136880543,0.013835319015948522,0.005949832275460803,

0.1,360
312,0.005050978095730385,0.0020115354177793815,0.01373896243958137,0.006107381142637511,

0.1,360
311,0.004927878281538797,0.002100040521922856,0.013308844387891792,0.00609179093222197,

0.1,360
309,0.004868427387960134,0.0025275253099875084,0.012346009690580624,0.006221027281644645,

0.1,360
311,0.005103274306186574,0.001983618718887468,0.014205458928500453,0.0058596000065961815,

0.05,360
321,0.0042277869378213664,0.0022387719161751007,0.010510161267302465,0.0059120421709605905,

0.05,360
324,0.004953084972020193,0.0029765402742054983,0.010541020109272206,0.006107942187651006,

0.05,360
317,0.004171822383876432,0.0021096320424801927,0.010501336303386318,0.005580456506506043,

0.05,360
322,0.0042940567006062,0.0021777247378076056,0.01051556798253463,0.005529944445633662,

0.05,360
327,0.005136945526989957,0.003194363049592665,0.011044537102906433,0.006023387943849402,

0.1,360
292,0.006466660794502201,0.0030166663973341117,0.013821480615536542,0.0050639296432797255,

0.05,360
298,0.005530487683495419,0.0028003672521358,0.010647510106506563,0.004908648969613826,

0.1,360
294,0.00612379347297306,0.0027657884187124713,0.013504728245656608,0.005079900246693694,

0.05,360
295,0.004609220167937673,0.002570413898574782,0.011014217287492084,0.005086055425787222,

0.05,360
3,0.000955421399946014,0.0012756350242690755,0.0005911379121243954,0.0,

0.05,360
306,0.004664519717277703,0.0024592309964124185,0.011103673962864026,0.004977285915627004,

0.1,360
293,0.005003283690317906,0.002299075244761346,0.0133058353142226,0.005070800340709714,

0.1,360
315,0.005108488050274669,0.0020471910896144034,0.013836447204386069,0.005930270709114851,

0.1,360
304,0.005103813790667214,0.001962644081352857,0.01386155458749272,0.005746613269469695,

0.1,360
310,0.005306315741261407,0.0022116813935153237,0.013776483760786152,0.005941324226686477,

0.1,360
342,0.005577487681110047,0.0024458984083305766,0.014317651683660714,0.006131076049228032,

0.1,360
314,0.005390894626694358,0.0029126752868597473,0.014158492747717981,0.005950465563605896,

0.05,360
329,0.005248220677071429,0.0034275852949915706,0.010991085351944515,0.006603792243299486,

0.05,360
316,0.004691769293055551,0.0030591886784074214,0.010710433922719824,0.005788718659176839,

0.05,360
319,0.004416918822164212,0.002370501059771695,0.010708948932646675,0.005745302822902977,

0.05,360
338,0.0046056875085579395,0.002499362976822181,0.01093582945225551,0.0059053924781123455,

0.05,360
317,0.004321823640629555,0.002183373745322138,0.010782618018138353,0.005604899254488475,
