0.1,a2,360
342,0.031005566098934248,0.010234930839548942,

0.1,a2,360
300,0.03163594969781116,0.010076589110688738,

0.1,a2,360
339,0.030193654324441797,0.011186125705830222,

0.1,a2,360
337,0.03074518437649314,0.010309049040361588,

0.1,a2,360
353,0.035143349612548565,0.012003948450333757,

0.1,a2,360
305,0.03056309171188928,0.010580760089154944,

0.1,a2,360
378,0.04123628723420321,0.01226186163179081,

0.1,a2,360
330,0.03100602147522185,0.010461824952101547,

0.1,a2,360
315,0.030205339638309348,0.011517660570559795,

0.1,a2,360
330,0.02951935239376105,0.010883886926425754,

0.1,a2,720
303,0.034610508440105436,0.013567559929189607,

0.1,a2,720
364,0.038277443641653426,0.01393657854335579,

0.1,a2,720
350,0.04409637390303293,0.01596317355419963,

0.1,a2,720
311,0.03290657896901873,0.010499143608449897,

0.1,a2,720
340,0.04498516917708056,0.015281370659231202,

0.1,a2,720
332,0.033554128915385666,0.01339276769182462,

0.1,a2,720
358,0.033416364671709275,0.012718877560080543,

0.1,a2,720
362,0.03493153903111095,0.011077571440623884,

0.1,a2,720
309,0.02994811528024767,0.012255905835807062,

0.1,a2,720
303,0.03253503934489471,0.01203273618751747,

0.1,a2,1080
358,0.047660864465583805,0.01940837398113132,

0.1,a2,1080
349,0.0428142615648675,0.016164598625424662,

0.1,a2,1080
327,0.032646489865787394,0.01563919650973353,

0.1,a2,1080
332,0.03417971107760916,0.011537637010609324,

0.1,a2,1080
348,0.043383836047054834,0.018000070483888703,

0.1,a2,1080
333,0.033766320141664405,0.015305236847118306,

0.1,a2,1080
301,0.031611027544908896,0.01235940554095108,

0.1,a2,1080
309,0.03426016140714119,0.011732855550591052,

0.1,a2,1080
335,0.032727749916071545,0.011899991893327756,

0.1,a2,1080
500,0.03978281443892047,0.017164302242405553,

0.1,a2,1440
360,0.049793580134347495,0.024086209714372187,

0.1,a2,1440
375,0.052808549516523876,0.024189996743321875,

0.1,a2,1440
367,0.05225752225165999,0.024224463493596513,

0.1,a2,1440
342,0.044144229831348296,0.017641133250297727,

0.1,a2,1440
365,0.04583950979022743,0.01847146087539685,

0.1,a2,1440
304,0.03344729500838041,0.013257218125586969,

0.1,a2,1440
307,0.03201986197382212,0.013721046543574283,

0.1,a2,1440
349,0.035569446516973115,0.01605888922838145,

0.1,a2,1440
355,0.043849957939630875,0.016769380859887786,

0.1,a2,1440
369,0.04578226804039201,0.019300137150162044,
