0.1,a2,360
332,0.0269116903171336,0.008312826269428303,

0.1,a2,360
305,0.02672062006046171,0.008785299374931242,

0.1,a2,360
299,0.026981929732941366,0.008399350524054073,

0.1,a2,360
305,0.02599868485169699,0.009334368968041011,

0.1,a2,360
334,0.02615367933134632,0.008776596765745286,

0.1,a2,360
500,0.022520894198678434,0.013473189439141019,

0.1,a2,360
358,0.023292705702189585,0.015413858102615908,

0.1,a2,360
305,0.02174277535456492,0.013072299769812617,

0.1,a2,360
329,0.01885161444680669,0.011542386020196357,

0.1,a2,360
326,0.023313960995370853,0.010501161637598675,

0.1,a2,720
335,0.027304899915635807,0.011183606839195595,

0.1,a2,720
302,0.028845713804599316,0.009304154541751227,

0.1,a2,720
339,0.029740842745383887,0.008986530345052266,

0.1,a2,720
375,0.041337988767772914,0.013949777999825863,

0.1,a2,720
367,0.0327782763392799,0.01358401997580123,

0.1,a2,720
378,0.04189461971529656,0.013652582904978958,

0.1,a2,720
333,0.030085941217280365,0.011274734056190326,

0.1,a2,720
333,0.029252625806760545,0.008623124565742992,

0.1,a2,720
351,0.04105150913010402,0.014648564257270374,

0.1,a2,720
370,0.0431529859433303,0.014964801898469856,

0.1,a2,1080
357,0.04178007094239091,0.017472336267257308,

0.1,a2,1080
370,0.04426175103132689,0.018924451849114923,

0.1,a2,1080
500,0.03757052672933787,0.01677846617246719,

0.1,a2,1080
306,0.03156124099136446,0.014827110827922357,

0.1,a2,1080
357,0.03767047382118989,0.016133392543376642,

0.1,a2,1080
308,0.029458412927781025,0.012129371961949416,

0.1,a2,1080
344,0.04284679581449086,0.019173390728372312,

0.1,a2,1080
335,0.030343585572580795,0.010395723480250085,

0.1,a2,1080
360,0.04073874736980845,0.016641743509484892,

0.1,a2,1080
311,0.029738474737589286,0.010633705642164502,

0.1,a2,1440
368,0.041628269781738156,0.019379782306302874,

0.1,a2,1440
371,0.04159039623892271,0.016753269482807434,

0.1,a2,1440
306,0.029661477692546994,0.0126968765359494,

0.1,a2,1440
338,0.0345075289930972,0.014845925735198877,

0.1,a2,1440
343,0.03761221047452822,0.017016016526358684,

0.1,a2,1440
366,0.04185701826335404,0.01768512880312952,

0.1,a2,1440
500,0.03940053899772465,0.02032392938391491,

0.1,a2,1440
376,0.04740206808461114,0.023425242251833255,

0.1,a2,1440
338,0.032849080002998944,0.010559983418144852,

0.1,a2,1440
366,0.04711044892793409,0.023432148523098224,
