0.1,a2,360
332,0.0269116903171336,0.008312826269428303,

0.1,a2,360
305,0.02672062006046171,0.008785299374931242,

0.1,a2,360
299,0.026981929732941366,0.008399350524054073,

0.1,a2,360
305,0.02599868485169699,0.009334368968041011,

0.1,a2,360
334,0.02615367933134632,0.008776596765745286,

0.1,a2,360
500,0.022520894198678434,0.013473189439141019,

0.1,a2,360
358,0.023292705702189585,0.015413858102615908,

0.1,a2,360
305,0.02174277535456492,0.013072299769812617,

0.1,a2,360
329,0.01885161444680669,0.011542386020196357,

0.1,a2,360
326,0.023313960995370853,0.010501161637598675,

0.1,a2,720
335,0.027304899915635807,0.011183606839195595,

0.1,a2,720
302,0.028845713804599316,0.009304154541751227,

0.1,a2,720
339,0.029740842745383887,0.008986530345052266,

0.1,a2,720
375,0.041337988767772914,0.013949777999825863,

0.1,a2,720
367,0.0327782763392799,0.01358401997580123,

0.1,a2,720
378,0.04189461971529656,0.013652582904978958,

0.1,a2,720
333,0.030085941217280365,0.011274734056190326,

0.1,a2,720
333,0.029252625806760545,0.008623124565742992,

0.1,a2,720
351,0.04105150913010402,0.014648564257270374,

0.1,a2,720
370,0.0431529859433303,0.014964801898469856,

0.1,a2,1080
357,0.04178007094239091,0.017472336267257308,

0.1,a2,1080
370,0.04426175103132689,0.018924451849114923,

0.1,a2,1080
500,0.03757052672933787,0.01677846617246719,

0.1,a2,1080
306,0.03156124099136446,0.014827110827922357,

0.1,a2,1080
357,0.03767047382118989,0.016133392543376642,

0.1,a2,1080
308,0.029458412927781025,0.012129371961949416,

0.1,a2,1080
344,0.04284679581449086,0.019173390728372312,

0.1,a2,1080
335,0.030343585572580795,0.010395723480250085,

0.1,a2,1080
360,0.04073874736980845,0.016641743509484892,

0.1,a2,1080
311,0.029738474737589286,0.010633705642164502,

0.1,a2,1440
368,0.041628269781738156,0.019379782306302874,

0.1,a2,1440
371,0.04159039623892271,0.016753269482807434,

0.1,a2,1440
306,0.029661477692546994,0.0126968765359494,

0.1,a2,1440
338,0.0345075289930972,0.014845925735198877,

0.1,a2,1440
343,0.03761221047452822,0.017016016526358684,

0.1,a2,1440
366,0.04185701826335404,0.01768512880312952,

0.1,a2,1440
500,0.03940053899772465,0.02032392938391491,

0.1,a2,1440
376,0.04740206808461114,0.023425242251833255,

0.1,a2,1440
338,0.032849080002998944,0.010559983418144852,

0.1,a2,1440
366,0.04711044892793409,0.023432148523098224,


0.1,a1,360
324,0.025573078279935376,0.008447139029486536,

0.1,a1,360
331,0.034891131867195994,0.01249358589679532,

0.1,a1,360
296,0.026107821659958997,0.008178958311950231,

0.1,a1,360
328,0.035047280035697195,0.01145761334188918,

0.1,a1,360
334,0.02736243232039032,0.008481860509859409,

0.1,a1,360
342,0.03555601160178146,0.011895703864246899,

0.1,a1,360
325,0.02639888275629626,0.008547874693694474,

0.1,a1,360
500,0.03078221575776115,0.011588081923262772,

0.1,a1,360
331,0.03510034842954054,0.011828841682584596,

0.1,a1,360
336,0.034122030854979085,0.012166963290445207,

0.1,a1,720
312,0.0290145848703105,0.009151268717442781,

0.1,a1,720
312,0.028360830816195514,0.009273147266776685,

0.1,a1,720
339,0.040590783059157455,0.015300081357448933,

0.1,a1,720
336,0.03579032535032768,0.011586701887543543,

0.1,a1,720
334,0.029516841055585552,0.00918537066429112,

0.1,a1,720
364,0.029272473229806625,0.0091561320638541,

0.1,a1,720
333,0.03040137758699467,0.013156791272419454,

0.1,a1,720
331,0.0347319100631733,0.014311871103339542,

0.1,a1,720
330,0.028734074276166432,0.009535629039110063,

0.1,a1,720
329,0.033171839426812295,0.015021484203424338,

0.1,a1,1080
336,0.037216776936215216,0.014535811230489332,

0.1,a1,1080
500,0.03525096479104832,0.014926053633828233,

0.1,a1,1080
337,0.03066164916878682,0.010052387993961374,

0.1,a1,1080
335,0.03084443724825422,0.013911988865573769,

0.1,a1,1080
336,0.030213719509663946,0.010557021505203382,

0.1,a1,1080
500,0.038521553978323936,0.014197157402647828,

0.1,a1,1080
334,0.02945685174530874,0.010878643184789049,

0.1,a1,1080
335,0.03078105828321692,0.010201612342428376,

0.1,a1,1080
326,0.03245629714959033,0.013230186635870517,

0.1,a1,1080
341,0.031040395237232322,0.010991118065893236,

0.1,a1,1440
336,0.042483124506404804,0.01830323396497158,

0.1,a1,1440
298,0.02926420370873139,0.010982060704523604,

0.1,a1,1440
319,0.034897079929230634,0.017540158965917586,

0.1,a1,1440
332,0.02854200543875032,0.01051916090676102,

0.1,a1,1440
340,0.0425843385849422,0.020289329068566907,

0.1,a1,1440
344,0.0489326125555022,0.02051930046802106,

0.1,a1,1440
342,0.04764658506491292,0.020601841224374386,

0.1,a1,1440
302,0.029576050203959675,0.013567515022171739,

0.1,a1,1440
333,0.047372213470422336,0.02196650587040118,

0.1,a1,1440
304,0.03039500798944286,0.014996505239176698,

0.1,a3,360
345,0.034879597837267365,0.012119931887892062,

0.1,a3,360
323,0.034992815628244134,0.011926566966631122,

0.1,a3,360
326,0.02783731203254861,0.007926676555961859,

0.1,a3,360
340,0.03622740582042538,0.012027306642898156,

0.1,a3,360
332,0.03172075763521492,0.010956468946758655,

0.1,a3,360
301,0.02628659456426841,0.009194505629647123,

0.1,a3,360
326,0.026765106379431587,0.008292823882495273,

0.1,a3,360
329,0.027008530594646297,0.0090349678743894,

0.1,a3,360
324,0.02570712101433058,0.009008562235687493,

0.1,a3,360
328,0.026753522083731142,0.008611842676651608,

0.1,a3,720
299,0.03006303850343345,0.009108550543511463,

0.1,a3,720
353,0.04102186081144779,0.01417884382312633,

0.1,a3,720
327,0.028705528970033114,0.009725893649200314,

0.1,a3,720
334,0.03869284170437158,0.015779180079498047,

0.1,a3,720
341,0.04198569791593597,0.015667373928767516,

0.1,a3,720
329,0.02754395796795656,0.010919724881183477,

0.1,a3,720
336,0.0298240299058047,0.010734692994400096,

0.1,a3,720
331,0.029379188000812587,0.009459937662995577,

0.1,a3,720
305,0.02718918970709697,0.01030582156583059,

0.1,a3,720
336,0.04187259053772626,0.01628833112344175,

0.1,a3,1080
334,0.04309006713882847,0.01984199416768301,

0.1,a3,1080
344,0.0441440632715713,0.019583120293385062,

0.1,a3,1080
302,0.02852847023222546,0.011671438025499001,

0.1,a3,1080
330,0.04509269216337777,0.018137893836369167,

0.1,a3,1080
302,0.02958611854574094,0.010830272586451776,

0.1,a3,1080
341,0.035066326419191975,0.014402290996364038,

0.1,a3,1080
333,0.04456043847159737,0.019726208925867534,

0.1,a3,1080
334,0.03623904277567757,0.015027713259217361,

0.1,a3,1080
331,0.029810445661040366,0.013431203648047682,

0.1,a3,1080
303,0.02803226708735742,0.011070052845628618,

0.1,a3,1440
334,0.031232026883144446,0.010977748621407013,

0.1,a3,1440
302,0.03099596379509825,0.011261766651818978,

0.1,a3,1440
302,0.030108007211515693,0.010892049807579568,

0.1,a3,1440
338,0.04143301332465885,0.021887584948094483,

0.1,a3,1440
337,0.042007942198297614,0.02246411385040966,

0.1,a3,1440
329,0.025834665587738066,0.012495870651002947,

0.1,a3,1440
500,0.04028232385916635,0.01932208627196153,

0.1,a3,1440
342,0.047937851309999606,0.021469210443168314,

0.1,a3,1440
337,0.039052033831451075,0.01716295752113029,

0.1,a3,1440
354,0.0475791126159467,0.021772533203515687,
